id name age subordinateIds
1 xkjgvcon 25 188,479,1780,1333
2 zizgxlrh 56 
3 jmstcwsw 19 1348,1854,1362,22,128
4 vnmkgcmz 33 1787,832,1896,1209,162
5 ijrbrkvw 57 1832,303
6 xxacjvox 45 1333,884
7 ptwbqppp 18 811,421
8 mikyyzaa 54 193,382,270,1153
9 eanuugjb 38 515
10 xgmtbycu 30 
11 eatzarae 40 1321,258
12 zlflvqmw 51 1093,119,502
13 znuozlbz 55 229,1319
14 wgijqxfj 24 
15 mvnzsiqu 45 349
16 wzagueqk 25 439,716,78
17 lvmoizdm 59 1773,1568,787
18 rlbqhnjk 40 459,57,1544,1006,1254
19 pibjnuxy 65 1056,1668,465,66,1723
20 jnnsdigb 52 39,1366,1919
21 mhifhadt 63 1046
22 stuhykrk 56 267,1087,1168
23 bfnbsddn 34 1074,264,725,1601,423
24 unosebzq 31 1142,808,624,1143,684
25 slkasmei 19 1693
26 htvkvxew 38 1039,420,869
27 ckzhfrzs 34 1897,817,697,1895
28 kxlgiwnt 52 1538,825,207
29 ljtqfuas 50 680,287,807,222,260
30 zmqbxfsc 54 29,1223,568,313,1977
31 yqxwelvu 24 1311
32 upbtpqwe 51 634,62
33 yjldalul 60 923,775,1582,940,396
34 neadljhw 30 
35 rauqqacw 59 
36 wdlkgvko 51 613,1399,1420,1656
37 ikqllsuo 55 1432,1941,606,1287,1677
38 bvqdggkb 49 1119
39 dtzqkyiw 42 210,429
40 ilrrbujo 40 1298,242,1959,748
41 rbgrenvv 57 
42 krakyssg 32 224,1974,591
43 dhndfrxd 64 1104,1112,914
44 oajcpafv 51 321,847
45 nktvicav 37 451,1280,671
46 nnrjzqdo 45 351,157,1002
47 wryechjb 47 537
48 ignogyjq 38 779,1384
49 uelmlfqe 29 1804
50 mzlusgpb 19 1535
51 ejlnbaft 53 1378,293
52 xrgignal 52 1624,1211,192
53 ltafoybr 39 1308,684,752,1533,729
54 lfebwuka 38 1127,705,492,1331
55 wdyxmgsj 35 1396,444,424,287,141
56 xlnygmfl 29 1437,1926,314,649
57 fkzorjiu 30 308
58 mhawalry 38 262,1381
59 keprkdml 65 980,880,171,355
60 jsgbynep 48 1410,1220
61 vigbzfwc 25 583
62 czheykvc 19 53,1077,1123,1489
63 prgsqzsv 49 535
64 tqxqmqoz 38 1369,1233,1772,541
65 uktmbatb 43 132,487
66 aaunaxjq 53 
67 cdtgzhip 62 897,512,454,452
68 ibivnysy 22 126,1175,41,1647,1730
69 mvfqtklh 46 785,1821
70 tgqftcjf 37 797,327,23,1873
71 lputcssi 42 913,801,853
72 wvuatqxd 49 
73 recqowxf 62 1471
74 vpvbubwd 56 53
75 pqyqeqbv 42 886,811,1939,923
76 uvxgdvdl 32 868,1670,1044
77 spazkspz 29 277,1414,814,533,1531
78 ahkahctt 40 1527,579
79 uapoqzhx 61 1667
80 yhzqkdnz 32 519,242,1453,1016
81 bglyncch 57 1027
82 aanpggcz 52 1955
83 yjaqqhtl 61 392,1755
84 vcjbutxj 29 194
85 hdpalcxv 32 1063,555,1586
86 msljexan 33 
87 xciptmfc 28 1798,1615,1317,1773
88 xvnkohjh 38 161,1576
89 vdqempju 36 
90 fywwjzas 61 950
91 yfeupdhj 64 1184,1974
92 rukfaxug 19 441,1275,1469,1484
93 ffaqswhz 34 1423,885,1758
94 mdwwnjoc 48 
95 yzxncjib 58 789,1924,1759
96 jeobzxko 47 1834,860,1548
97 pgbcghbt 63 1480,786,555,1877,1400
98 fzzsngoh 26 1361,1334,818,1368
99 ltjgpwsw 42 649,583,820,1845,418
100 jkzvfbtc 52 
101 jyshwfla 27 732,502,814,188,1934
102 ffhcwfpy 23 1849,637,424,1725,1506
103 gauzgyac 25 
104 jtuudkis 61 758,1388,219,471,806
105 noqobmet 28 
106 dnswdjbs 32 240,489,94
107 celbyjfc 38 504
108 zhsczwax 25 22
109 tzzxpydt 62 
110 ykxmotgt 49 843,664
111 xmnllvoy 65 
112 nniiiiau 28 
113 aginycub 41 959
114 ohzngnam 25 1216,1065,1655,689,912
115 rwckxmcs 59 
116 tdwbfgkn 19 1679,405,1295,1131,637
117 ximiwosb 29 393,1184
118 vuopgftj 31 1195,311,1171
119 zlvagwpj 45 
120 hxpahmqg 42 
121 vydkjwxw 39 1463,1325,892
122 fqbamfir 26 788,126,1699,663
123 lsgpuscf 24 1813,159,1294
124 lnefujbs 57 
125 cdbmrhpz 35 1701,1465,153
126 zsdyjlsv 38 557,1503
127 mzjdxtok 22 1788,1520,1533,328,670
128 kociesop 65 1209,374
129 nweqsxec 65 1059,382,637,1833
130 xllgnrrx 42 
131 oiqiumtt 20 1311,213,1907
132 tyjehgbb 40 
133 hpbdopha 44 28,1,1240,884,775
134 dmgppruc 44 223,389,1927
135 vbmpjggz 50 1203,1933
136 yygmkxzo 26 284,261
137 yqybsolw 46 
138 bswwzzng 58 685
139 tmxryquv 55 
140 qciutvbm 42 1234,487
141 trpfzoca 32 169,1102,1754,1572,881
142 cxiaswwu 38 794,1412
143 arwnarhw 47 669,588,1931
144 czkgaskn 26 1955
145 xuvrlwuy 29 1775
146 ilodugpa 18 672,1686,1721,242,178
147 vzkdiqsv 60 333,83,1479,307,420
148 nuisorrs 34 271,7,274,1459,183
149 ojjqnijz 57 
150 ubwgubpj 48 901,1249
151 qnslzhpb 40 1502,548
152 obvzzrlv 40 1651
153 qpjrwzid 23 1307,1740,946,1445
154 bkzuuvys 50 1036,900,619,286,538
155 ednposbd 18 
156 gtbggvsm 23 739,1049,1632,121
157 asdlkneh 28 1100,124
158 phijvlve 65 559
159 ahgkfpnl 48 694,726
160 wbdjfknx 30 795,1777,202,895
161 jeyoikwg 26 1299,1713,1156,1276,1021
162 bvvbzffd 43 
163 mklcstaa 38 402,845,1704,1156
164 avannyko 54 1689
165 ofktfcxq 56 415,128,909,869
166 gdjukpwb 24 
167 dwcxqjku 33 
168 iucttozx 35 1313,125,1815,1950
169 lrtxtwzg 26 
170 jhyzblgd 44 
171 nhianukp 57 439,1256,63,184,208
172 mdzqguoo 23 785,452,811,1063
173 fahnllew 18 1216,1576,485,1756,194
174 jnrdbjaf 54 13,1829
175 sbivlrko 36 518,1642,1826,1134,482
176 lzbrnexg 59 1585,1505,1305,74
177 lpgoffve 48 1168,1061,1646,1805,1897
178 sbptlaog 39 273
179 yjzevued 39 7,1001,1733,339,1741
180 nwtqwlwn 41 495,736,1703,1173,198
181 qavknajs 25 
182 jmdfslrr 59 583,907,1234,1200,1822
183 bmkpemjf 58 
184 jcgnmgdu 63 1636,1249
185 yhgobdxu 22 
186 enxnyudn 56 705,1758,1082
187 biuhvgcl 45 
188 eyvtloag 48 
189 ryzkuqyd 51 353
190 tadvlhrn 24 1661,932,757
191 zdarzptu 38 1231,161
192 ezkhjyam 34 984,159,1620,1232,1701
193 lkokciig 22 
194 symgpxvw 64 
195 ntvppwlu 64 1814,335,1910
196 akvktgpv 46 1328,1962,64,746,777
197 ywyfuhdp 22 
198 xmbbiwru 55 
199 zrxnsckp 52 1551,1599,1381,669,455
200 nnxvcbtd 45 667,1324,254,717
201 qlylolww 22 2,523,1471,995
202 nldxalro 65 
203 plqvfsts 34 1575,57,453,1062
204 qwjufhnx 47 870
205 cibbkyot 63 175,1357,149
206 hxauhxsa 28 1386,1808,1323,472
207 qfwgcxgn 64 254,893
208 nknijwqp 31 338,874,458,424,465
209 vglahjcg 29 32,26,1638
210 hoqjvqkb 26 831
211 qvbiflfg 53 733,963,1886,1874
212 flmbafkd 37 1093
213 rixaksjy 20 564,61
214 nhlwstzh 27 1117,980,1034,1196
215 qanayipq 53 128,400,180,616,1431
216 umozipyh 46 
217 ecwrrfee 43 697,1105
218 natnzmvf 63 566
219 ktesxqir 49 711,873,330,1983,1401
220 krwgpliw 59 1026,1878
221 dlhkiqcv 41 1098,389,106,863
222 rmwtrjjt 25 1101,486,902,1648
223 wpzmezpr 23 1871,1102,1778
224 iuiyegbr 54 567,1648
225 ceowzddj 20 1754
226 wvssgvgb 60 
227 vmoamwvy 19 1046
228 dcgbebdx 23 1468
229 rqnnvkym 61 1233,730,142,1901,1742
230 fkynmjes 62 
231 vtfplyxt 27 
232 uqysaqnh 58 1850
233 jomirawx 26 1577,1280,224,439
234 fghcyvfd 49 295,1288,1458,961,976
235 rmgxitui 21 49
236 jifvxcqi 20 717,1299
237 ezifubgk 25 1860,748,1030,1827
238 xvvjggqy 24 276,411,1712,527
239 eawkuxyl 57 
240 jbiyiqdz 56 328,1105,1135
241 euqakdrx 39 182,286,703,564,1427
242 xmkbeigj 42 1545,440
243 zbivyxyc 26 829
244 gtojewwy 45 1586,1853,506,1703,730
245 jdyrfkzc 24 211,179,699,641,931
246 kxnssnrj 29 
247 mbjwnftp 24 1214,163,308,1118,1677
248 comqceyr 20 1744,681,267,1282,169
249 sipwltrd 56 324,567,1258,1199
250 dckupefh 64 1863
251 uhahqslb 60 545,440,1499
252 ucjovcpc 41 
253 uhwpjjoi 30 78,1147,1753
254 rxtawhzh 36 406,1431,260
255 awyntvje 34 1414,1953,250
256 bdysqvra 45 646,543
257 ecdfgovt 23 1745,613,938,1643,717
258 gikpjzgm 45 1306,1114,1481,192,1211
259 wicigwil 48 1455,1214,402,346,1175
260 nmyjzaod 18 
261 mlwpghnf 53 540,820,884,215,367
262 axsfetol 28 1569,1310,553,1619
263 ekvxgtnf 31 560,362,1979
264 kudikmqg 37 
265 sjeeuoxi 25 1755,1728,424,36
266 uuqwrblh 41 230,998,607,381
267 zmcdzdnh 58 303,1024,291
268 bgvfomrx 35 1584,1863,354
269 wfpftbcb 65 1859,1763,797,982,844
270 qefyayjl 44 1101,231
271 lbjbiqig 60 1483,922
272 ihnzxqlp 50 1019,1194,142
273 ppmdjwql 51 1822,542,1419,1064,977
274 asdxdvks 41 269,944,997
275 eriackgw 21 980
276 msldeydm 25 954,1242,541,1180
277 frlmuwos 20 947,855
278 uiuwteum 36 1914,1112
279 hqbhyinv 35 424,1934
280 noczrmgn 63 1538,641
281 uyebwjbt 28 1619,1675
282 cchprbmk 52 852,399,738
283 tblyqjnb 37 466,209,561,91
284 vgfpaozn 31 473
285 pechgsfi 50 109,1506,1299
286 zrojcymy 45 1575,1359
287 twivtdpk 56 1384,1822,248,1073,1434
288 eluupbij 33 482,1101
289 moosjitb 30 
290 hhedxrgq 61 713,77
291 ovxereqp 55 383,392,1175
292 trexlspn 60 1765,1902,824
293 ambncatf 33 309,683,737,796
294 uijuhwre 42 292,1760,1326,1212
295 vzrmumrh 49 
296 caovednq 26 524
297 oppefsyo 34 47,318
298 xsuvmiqu 19 243,681,1902
299 bccbuehm 59 1335,890,152
300 yrifuycx 21 1418,1311,713,824,886
301 fzqngnqo 20 994,54,786,1982
302 zajyklxl 39 814,466
303 hgcxmbmw 34 1166
304 duczvtsv 34 
305 gutwracc 53 554,1680
306 jnjloqpr 52 1099,1508,327,751
307 znqbqkcv 65 385,880,1867,1719,1172
308 roemuqrq 38 1349,467
309 slfvbmhf 55 1755,391
310 gvinuhbx 23 1201
311 ycquxtrq 33 1045,1091,1753
312 bvibsehj 35 1417
313 cbycbgzn 29 1146,28
314 aitznrva 30 1694,1032
315 nslpdrdd 21 1074,858
316 tvptpilp 24 
317 qlyxeyia 39 1525,435,362,26,130
318 duhpxrgb 20 933,1213
319 lvkihiiv 42 714,104,796,1829,1888
320 fbsyyryn 19 1452,1917,465,1522
321 mmwqwqmv 41 1311,1656
322 aqqpbrbi 51 1808,1665,1,1503
323 qvgdftwg 23 
324 qmkbifvo 44 510,1780,1017,473,342
325 ghdegxdw 45 422,366,825,181,667
326 oyikhiqb 61 1609
327 qfyroyyu 59 1224,844,1646,1440
328 zyiccagj 47 962,1652,363,863,340
329 boothrip 30 791,1224,1142,478,626
330 qhepmmna 21 180,1423,706,885
331 daiujowi 41 1349,181,1882,1425,1214
332 vnjdpdsj 33 
333 yvutqdpz 59 382,977,1185,1685,876
334 ojwijlmf 38 411,1361,265
335 yompibas 55 1641,856,393,1406
336 braaqtfw 23 1575
337 qhzadnpr 57 380,1667,828,1684
338 vysiauiq 65 249,1454,204,66,1965
339 zqpbnkde 22 856,1757,1363
340 jaaeplte 18 670,1523,377,396
341 opegwvvj 65 1967,731,1668
342 wbipsmrt 31 
343 pfneuleq 28 877
344 lrnzdozr 28 1798,1682
345 tvziyikl 42 1410,1627,453
346 hzkdxhuv 40 
347 czyujkdi 27 1469,415,727
348 xusyxnat 26 1748,510,1783,224,1197
349 oclfsmim 64 
350 jnzoqmyj 50 1711,1605
351 wbelgknd 47 
352 tbboclpr 42 1174,1919,1280,1920
353 agnylfak 34 
354 krjlcuvb 57 1437,1315,1176
355 bjdsmxzm 57 12,1881,1628,419,456
356 pjbugxuz 25 162
357 yqxehjhr 42 1277,1028
358 gtcvybjr 27 1258,547,77
359 mhqkmwvf 34 1602,441,692
360 jmfsaxkz 26 1073,393
361 achgqvpk 41 972,1230,1104
362 lctlmpsc 33 1175,1646,704,1263,1621
363 hmhijhtf 65 
364 exrjixpo 61 1635
365 ghclyric 48 1346,1077,580,1083
366 gkmybrpa 33 700,1900
367 zsfvvmyk 26 922,231,1624
368 nqtxkhtp 25 697,579,1645
369 mvmkflhk 33 1028,1963,657
370 vlelhuyg 51 1789
371 splenbkc 26 1795
372 jbhwgznc 55 406,151,482
373 cjbidind 61 1734,655
374 hppmtkqn 48 1382,1434,541,826
375 uudznoac 23 623
376 sdiydlgx 58 579,29
377 xesshkjs 58 355,1000,1006
378 ebnakfpd 42 1289
379 jpfipgkw 44 623
380 gnqjtljd 20 1088,1411,1859,1980,1631
381 ciplrgvq 58 1516
382 elogbpra 31 1939
383 fsjygcvc 38 
384 gfwdnyvq 46 1200,1903,1415
385 wovvlxvs 36 1986
386 iyitilsc 41 
387 jesypuhe 53 609,1797
388 atwhesea 34 243,1464,175,347
389 fezzpymf 39 1306,214
390 vfqxkkxj 42 28,1242,192
391 pooqoguj 21 1836,390,158,284
392 mkfvsnmg 44 1171,1856,22
393 bgzmnvem 22 1380,566
394 qfimsgyr 62 722,1930,1030
395 czschjfb 62 1916,1014,1434,1929
396 xgyclkdi 48 1386,1561,1310,3,730
397 ffmpcxdx 34 1640,1635,1630,259
398 hnxjraus 56 
399 vsglmfkm 41 932
400 xylftyun 36 1193,620,1745,301,1670
401 lryydmeb 45 448
402 rllsthyc 25 1940,728,288,1921,1250
403 pytaewgf 51 1926
404 ggssixxg 41 1466,117,517
405 hyinuimt 34 1476,811,661
406 kgfkqeup 22 1207
407 oauxlqyg 50 667,1462,1925,346
408 vucwvuoc 39 262,44
409 fcjhydez 21 1782,1468
410 fyaugnyk 57 982
411 bzmewqlv 53 1008,1181
412 krkfemvz 40 1720,1415,1751,545,577
413 qaipoyjb 21 
414 jahyyjtg 48 1371
415 duazowkw 57 1962,209,1675,861,1614
416 dxxkjxnd 39 1395,291,24,1665,585
417 ugwklaai 62 495,378,672,1524,288
418 zpduofoa 29 1601
419 kuusyeke 58 1343,1729,1459,1960
420 lekkujvk 63 523
421 hvcxetjo 43 1836
422 wcgdetct 29 185
423 kqijfodk 33 1365,830,667,678,1509
424 faqacamq 54 658
425 smvqoylb 27 
426 cggvbhpt 32 1105,1323
427 uxcydnvv 57 100,770
428 zvahmvkq 26 179
429 ytxlsopo 52 1529,295,599,54,1400
430 eepncavj 25 
431 uvlkkjpp 33 917,823,388,1981
432 nbiqhlxh 48 1938,238,1428,1644
433 vixghomy 39 1763,263,952,378,1675
434 gubjealx 49 1285,661,651,1670
435 yayrwdvl 54 1600
436 weloppwz 30 99,1702,1020,1133,45
437 badlnvzu 59 
438 hsvefzpg 26 
439 gpvvznuu 18 416,757,245,756
440 xrlwbiii 60 69,1272
441 udvcrbxr 21 1789,436,1769,972,331
442 tnhibvlo 21 1164
443 ohfgamdg 46 1116,63,776,1084,1024
444 vhliurdq 24 1752,1334,1822
445 bwknmdgb 22 958
446 hrixiwdb 61 1401,859,955,556,139
447 jhugtaee 32 375,899,1848
448 slborhmr 20 203,1630
449 vzapnvpn 41 529,918,1986,1269,1527
450 oqairfef 21 
451 wikpebgc 52 880
452 eefcdzdz 54 1061,1197,1585,1159
453 cmgzvguu 25 
454 cdhzrhcv 24 254,336,1086
455 myapnmpo 42 1791,258,489,48
456 wztfwjsg 60 1185,742,950
457 izxqajor 18 1898,1438,11
458 cikprcee 54 751,1371,532
459 ogsbveez 35 1403,1812,592,280,495
460 uvdbntow 44 340
461 aullxczu 22 
462 welwvtfz 19 1929,1485,946,218,633
463 pnrlkbyq 51 658,1139,1808,1299,1826
464 keqzuxxc 59 793,1389
465 fwdagndk 59 1398,816,1770,1302
466 ypnttssd 27 987,1577,1160,651
467 aukcknec 64 1834,1396
468 stmoelfd 54 1695,1357,729
469 tbtkikff 53 644
470 lmwhqdls 25 1894,1848
471 wukcdjux 32 669,348,533
472 jcrhmems 23 
473 nxuqlhom 34 1447,1802
474 zaceeznt 57 387
475 dtgeigdf 38 416,1274,677,1996
476 rhisoxdj 44 
477 iwcoyzsp 36 1232
478 szrltfgh 24 1772,1187,1718,1206
479 nksopzcp 21 
480 vtsrurex 55 
481 xbvrbpul 65 
482 wvogyacx 27 664,346,1910,672,1971
483 migayoar 21 1360,1745,1161
484 lphqehvp 32 960,1458,1839,993
485 flnhqtnm 45 1770,1196,1383,928
486 llhzlrit 52 986,1863,1780,824,1542
487 puoincfm 46 1784
488 jgebvwjl 45 1831,12
489 ccqgmwhc 25 1796
490 ozporscj 53 781,1659,1973,1295
491 bnxeytlz 59 397,898,1152,1226
492 lfxskjjc 33 538,1300
493 odfmtyed 31 1864,1192,1535
494 hbfaxueh 53 1252,924,553
495 kxxacrbc 22 639,1958,488
496 lvstanpw 32 420,1808,1686,1560,201
497 rswtzqdn 50 215,1860,90,149,1486
498 mpbhdxps 45 1482
499 uvhuhyke 58 164
500 dbnvtpqv 52 387
501 zuodvwtm 61 
502 cijidjtp 35 1808
503 zhxtvbti 24 303,446,1243
504 mnhrylvl 63 
505 quarrcjz 38 71,92
506 exnvmfzc 49 1912,1154,1560,990
507 ibanaxwt 28 
508 cdtbtuql 27 
509 uoifegyr 62 1200,1872,243,401
510 qhtnwpbd 22 28,1269
511 mvtfwegn 59 
512 evpiddqd 31 45,286,7,546
513 irwrxxbm 46 1119,746,1304
514 sxkmkuxg 25 1786,38,1308,1664
515 epqysjyp 57 1746,860,339,1031
516 kixbymqx 53 827,593,811,387
517 bojmexyq 23 1033
518 nzpgmawz 64 1508
519 qvpjdqbb 37 
520 uuujpkjs 37 1433,70,1332,1064
521 mukdbhqb 44 1274,260
522 omnlosjn 20 982,664
523 hkzzdnok 63 24
524 jkotazin 33 1384,1270
525 pfqjyrls 43 898,156,277,1712,1806
526 hykcetqw 37 1928
527 txvfoqhv 56 1095,1891,1801
528 arfrpmgk 20 1966,831,533,1741,1166
529 mgesudqz 19 1829,483,481,1074,1240
530 kakpbdes 36 1939,785,850,1572,595
531 wqtisqzu 55 1618,322,287,1697,971
532 bwcrxpeo 26 1545,906,510,393
533 ybaemamq 30 60
534 kefwnsrn 61 2,207,389
535 giqohmkd 43 502,901,1850
536 gcqsbqjr 48 1824,1899
537 gwmaygdi 58 
538 fvxwkozx 55 1777,159,1491,1314,658
539 qfhlrpmb 31 691,303
540 zwyhngqr 32 666,775,641,13
541 ugdcevbr 50 841,558,12,114,1067
542 rfkixcjs 30 
543 osisommj 53 
544 upkeirpd 43 871,1420,1758,71
545 qkrtzeyw 63 34,1688
546 msgdnihm 53 1535,112,1003
547 lmhmgpzw 23 1423
548 upflimjq 60 1251,1004
549 jizbstcc 30 1356,1023,718
550 ftxbpfrx 41 1185,1454,531,562
551 afliwrkw 28 1797,823,1335
552 xcqcpkpi 18 1550
553 elomqdbg 55 13
554 plgehnlu 37 1370,1572,1620
555 jzujsywn 19 256,1681,815,1762,110
556 uygvrjru 30 1985,1776,112,1823
557 pwztfjcb 39 91,465,913,1292
558 pxhgscpx 22 1824
559 skwmswme 22 1881,670,416,1087
560 zlljqvzv 45 
561 nkikjuft 30 724,879,1195,635
562 hqnoeefp 30 1492,148
563 jjrqbdvv 50 
564 ksoxvjfy 41 
565 bgqonfij 53 29,323,268,1557
566 qogmpmig 56 1533,1606,1874,801,1980
567 moogolwf 42 585,385
568 xzoxknjh 58 1037,1657,286,872,322
569 mwiussos 25 1604,623,1792
570 ranfrfus 18 1864,375,147
571 pptkmbtx 44 1451,1354
572 nmkympfp 56 738,552
573 erwmiuar 38 1489,1770,1585
574 uhcvnffk 55 1161,422,1428,1497,654
575 kaeyurvq 23 1690,1817
576 llzuvrqc 18 669,481,1570
577 ojntuxjj 27 978
578 jwqjijrl 21 793,303,1042
579 wjqigpjn 48 1386,1860,1087
580 tjygjdnr 32 1754,144,838
581 wocxnlqm 27 1715
582 slrjfowf 34 1054
583 bkigmhzr 45 579,952,926,901,738
584 tylexaig 65 
585 bphjxmyu 32 1924,1545,129
586 nrsruvvg 65 1804,154
587 kbhtcdsk 37 1438,1614,305
588 wdmvcejs 63 1035
589 gyacumcs 61 1504
590 cysnilmf 20 308,248,1178,471
591 ueoqawxo 63 904
592 rcktxuar 38 
593 wggevmcc 59 1411,800,112,1849
594 emhwvkow 58 565,640,283,1378,562
595 zegltxou 23 742,1136,404
596 mtvdcvcv 53 1753,1752
597 ffjipkob 33 605,677,1313
598 mxmcxyhn 43 1497,1761
599 bhfzpwws 65 1505,519,1485,210,930
600 rddpbhxk 40 1527,1566,304,1898
601 fsqsdzrf 45 1800,730,1150
602 ymvjomlq 52 537
603 eovgwjpy 52 1777,150,865,440
604 btzoqtsa 45 1345
605 yyhiqyfb 63 1702
606 meylwakz 63 49,728,1744,1770
607 jxezzwue 57 
608 cwvgkfyz 44 157,746,353,1274
609 jmlzcjdr 53 573
610 ougnelwb 53 91,80
611 ylhgfahx 48 
612 rolqeutz 59 1513,209
613 pmaufqiw 30 1783,24,841
614 taziugwj 50 177,890,689,1527,545
615 fwzaqpba 35 151
616 bzaezuzi 28 758,1805
617 tccgenxb 45 1081
618 ggrjiopf 40 1346,30,1903,978,377
619 hxskevwc 44 1088,1275
620 qyeosejx 22 
621 tjawhgpx 48 1235,1859,1422
622 bkwylzwy 27 
623 faajfsem 47 405,177,1651,1483
624 wjaoxqso 31 1225,1216,228
625 qhbpllao 21 1025,1508,1385,448
626 cwgiablm 18 
627 cpexysmh 20 1538,628,1603,730,1531
628 gcuvwued 57 874
629 kadsejtz 45 826,1354,1661,433
630 ultszbii 23 698
631 tjmtsjdi 30 1080,529,1182,1928
632 tgvdkncw 26 416,1531,81,760,212
633 ioksnrmo 51 934
634 iyyjghrk 43 
635 qlkxwmjk 24 
636 obcyeqra 52 394,532,346,1872,1527
637 zddyfwsu 64 
638 rypxenek 47 322,1792
639 xnlsoehf 59 
640 xsgalxtj 64 
641 qsllwppi 19 1268,538,1997,108,151
642 bgsreguk 57 
643 vbkzesnf 65 
644 xztvbjar 35 490,272,1820
645 nzrfxpyu 26 844,1515,1485
646 ekjnyqyp 51 1144
647 wkykodpg 47 1193,1128,797
648 jhjnokyi 37 1152,1145,122,621
649 yhiriksh 43 1620,765,1907,860,1923
650 jyjzrnbv 36 1092,1001
651 muihrqec 26 1733,1154
652 vjygzcwz 38 1999,196
653 sdjbghiu 43 
654 zffvxbiu 30 1457,83,1991,222
655 ppwecjqh 37 1127,1411,1543
656 ppxiryfy 20 
657 hqvvmprt 30 1930,551,296,89,684
658 jluzriio 31 502,397
659 qlxetgmk 60 718,799
660 uamzhdfz 42 900
661 qbxnmhcr 25 493
662 miercsll 33 46,62
663 lcaiyqmh 30 756,838,1758
664 mecqmlkr 56 609,1120,662,435,668
665 uegtbxut 45 
666 ziifenal 45 1347,171
667 vyluniru 59 
668 yhjczfgm 40 1444,933,1291,1148
669 fayxmgak 63 447,617,545,472,207
670 vbjoeiuv 27 221,146,528,141
671 vpeonumw 38 701,1670,1624,889
672 wkbymvog 64 186,996,443,453
673 mmqmmcrq 60 1332,217,646,1859,14
674 uomkcysp 51 
675 ncxstzgg 53 485
676 fdjicnkq 59 447,919,827,1272
677 tbslnwjj 55 422,1401,1543
678 chydocwj 65 
679 jnabydgf 60 1156,580,1482,1948
680 cyeaenld 31 1963,1561,1422,942,1242
681 udkyprtv 59 787,512,1337,763
682 tgcnmiql 18 57,1798
683 kagtumtb 45 189,854
684 spkfnapv 65 1096,216,1262,158
685 loegklzg 43 1621,657,306,573
686 hnmwkyzi 22 1925,1314,212,123,660
687 mhfmgzzt 26 254,1657
688 uwbtearz 25 
689 hgeclach 42 1732,1644
690 dfkzpasx 37 
691 wkiyjlnh 59 
692 kffyrgio 51 1284,556,1408
693 oznrtjpr 62 1701,59,1393
694 sycvoeyb 40 1745,1983,635,388,785
695 tbdtpdti 65 15,1495,140,1522,59
696 ltcczlju 24 1080,1151
697 lxaiqvom 48 
698 zzdyddxg 48 385,676,1066,1895,1793
699 wcrkdywt 41 1790,1053
700 ornervet 24 140,526
701 ulljpryf 63 316,21,1535
702 zkcvqawh 59 1060,1795
703 jlgsalbe 33 1292,961,1060,1013
704 nsdemdkq 45 690,1685
705 ofuvrqfa 49 152,810
706 xikhbvti 59 1401,896,589,1973
707 nwiqkoao 55 1178,1826,773,86
708 jiimkhvg 65 1618,1797,291
709 yxcjnmjp 46 
710 lukgcxec 30 298,1106,144,927,1339
711 wyozcfwc 43 1549,119,1309,642,1606
712 oslqrjyh 57 1154,1083
713 olnbteya 51 518,1566
714 uqlwbtzi 38 1346,1425,175
715 vjnvzadb 20 1088
716 wovfbsku 38 667,1242,1697,174,1209
717 yvpcdmqk 56 767,1792,368,808,565
718 rukpyltb 53 1716
719 jlsytikg 35 943,1892,759,440
720 vgnrmqxy 39 1477,1854,775,1292,470
721 nxbwuhdc 43 915,1738,424,1123,1113
722 bdbmrnlo 38 839,1739,1999
723 fquosqvw 42 
724 haqowvya 57 1905,1637,1286,688,1439
725 qdcuzatl 30 768,1482,150,79,430
726 xsexkzje 24 1273,764
727 kifbzuqu 39 193,840
728 gbqdwcki 62 
729 vovvhqce 49 1815,1241
730 qwqzciyx 21 997,1603,858,345
731 vqzwmmgo 61 1497
732 ybpmhgpd 28 1547,1315
733 bkedknos 19 1294,576,1797,732
734 mlwxulyb 32 585,614,643
735 gnnombir 49 
736 jxyjrozp 55 1603
737 ndeehogy 39 306,121,271,315
738 jyxaqdkv 34 1445,1786,1975,1418,1032
739 qpyywxmh 20 
740 lsmtpnpe 22 
741 edzbkyfr 53 1551,319,1084,1692
742 btzqtkhe 42 
743 sevqeaze 28 1073,1793,1934
744 qwlxkmmo 50 1027
745 sqzidyga 39 854,1294,876,1083
746 rdeolffn 42 252
747 wxypudxw 53 820,704,1992,1656,1414
748 ojthqjnt 47 1428,1337,15,769,1505
749 otogwbcj 45 638,31,401
750 waqpvzun 40 82
751 mwgulxmt 48 1805,1813,707
752 pyxoxvjt 24 
753 cykgcixh 32 
754 hzlownut 43 
755 vchcariz 52 195,1776,193,685
756 onsagmtz 58 
757 xyxhevqn 38 946,363,884,655,100
758 gccdmpzy 43 1139
759 noczqufo 65 1188,1749,1284,1173,559
760 xucdfpoi 62 524,172,499,1014
761 tqwojnlh 44 1915,562,1535,1720,931
762 sxrfopzb 57 1036,576,1960
763 jmynfmxn 59 
764 bnvbwemn 61 1074,993
765 brxxzbjq 38 295,1041,600,1098
766 zgtnmsdw 55 1524,1425,1484,1247
767 jcdricpw 31 
768 aucohsqv 26 1956
769 fvanlqjz 53 
770 nopjvypy 29 584
771 lhvlflxu 38 1577,421,943
772 izbgjqke 38 1803
773 zgbfavos 47 1728,1403,989,1308
774 jbwgagnu 28 1926
775 tmpwggbe 57 1403,1492,1519,613
776 vgnrsbbx 21 470,1569,435,725,1103
777 kcbnkxhz 57 970,95,1237,478,1874
778 ltafrued 21 630,1146,471,1852,1542
779 dnmwetlw 18 765,1623
780 vvjkeidl 22 337
781 mspxsqjp 45 797,165
782 msoeevqv 26 6,279,1421
783 ecilehny 58 896,45,1785
784 nwtsaqzp 53 1904,323
785 vyikrseo 41 1942,1572,673
786 lnpyrzwj 61 1264
787 hbqtyzfu 18 1341
788 qyhfzogz 28 176,1543,1244
789 vxcykhub 57 722,1679,1658,975
790 svxkjscc 33 191,848
791 bsxagjos 22 652
792 xsmgaxdi 48 957,986,883,1947,297
793 azqkljma 27 1068,1372,1810
794 sbaoneyi 31 193
795 jgudkasp 45 873,84,143
796 mabhneuz 25 
797 fbwzhkyb 56 206,49,1447
798 syqujuzl 53 1714,684,567,731
799 levppvus 58 
800 skeprunx 59 135,175
801 bppnlzsn 26 960,1535,1961
802 svxcuxol 37 1053,1796,1267,1168,771
803 knhcwdfc 59 1068,203,333,1630
804 afmscvxa 22 
805 salchrpn 39 756,1439,990,663,634
806 ylrhucjf 30 351
807 lrwtztug 55 697,1352,541,1848
808 axdspamz 62 156
809 haapzsxn 21 
810 fufgrzby 40 1311,334,230,572
811 ruaddkbe 51 
812 ueooidtg 61 151,147,1447
813 cnhfwugl 61 148
814 habsjbwc 33 266,1460,1041
815 zvzrtzzo 63 139,450,1643,1708
816 ajsigwfj 18 1191,962,1630,410
817 omlztifa 55 900,603,1111,1628,698
818 wbvkmxpu 48 1636
819 tcsissiv 49 1831,1156,1685,297
820 ysixjylh 46 1636,1670,1063,796,963
821 cftvjqit 57 1045,151,170
822 gajammjj 24 172,223,1615
823 hbdvduhk 21 
824 kibkigde 25 1523,1898,331
825 nkesesia 48 471,1110
826 uanxcxsa 42 931,522
827 zqlwowjq 45 1213,356,1962,893,13
828 rykbtybz 51 1776
829 pbqtxdmj 37 1568,1350
830 anfrwyel 18 1813
831 omwtujle 18 308,1747,916
832 nlqnbkol 59 1502,1130
833 qvtwilrp 52 1474,410,282,741,780
834 bsuiwhcn 36 1713,961,276,1831
835 qpyhkeqt 20 587,1141,1882,355,1418
836 kkblxftz 65 123,1009
837 ghnbiurg 47 1050,36,1679
838 icrnwbbr 62 764,859,794,1172,1012
839 muokbnqs 49 1060,959,1822,727
840 apyzhotk 62 802,39,1940
841 dmdyymfa 51 1804,527,169,228
842 drouoxdn 41 
843 sdepxxoo 31 733,637
844 uzayeotj 52 351,1454,1708,58,1872
845 wwygpvqh 19 225,1842,197,38
846 jeqnbkao 53 361,1782,554,1056
847 slisfphi 49 491
848 ojnrfaop 42 1434,1772,900,1428
849 leqnyppt 22 1232,1580,694
850 syqsdreu 30 347,822,920,301
851 kzlgpeqd 21 1038,940
852 vngccjju 34 894
853 tcoueaor 47 
854 mpzqnnib 53 
855 trrwkjez 24 
856 mjqmpvpi 44 1417,29,1100,1363,406
857 ejnoulmz 55 732,710,1894,1568
858 lvaiwlwi 55 579
859 pwajidhy 33 
860 ausvidng 32 402,949,1087,782
861 ffjybsoo 20 1307
862 mbwqsncy 46 1012,1414,1377,379,932
863 rbtsyibx 47 442
864 hhwjwlbn 39 250
865 madqryiq 37 
866 pffdbezg 54 736,1789,152
867 asfiwgts 59 1449,1096,482,1842
868 hxhndlyg 22 185,59,18,583
869 enmzhmso 42 150,1633,360,1893
870 xckhbnjr 54 1032,1196,348
871 gcdnlsxm 29 1020
872 xqrrbvuh 28 164,693
873 qblvfbtg 53 1361
874 ycgkbyik 25 
875 danbsmjv 21 
876 ojxvffyq 55 
877 dcszyqco 45 668,1435,948
878 lxuqsiil 49 1185,618,1910,27
879 jrbecjae 28 914,1895,585
880 isnnsgjv 57 1111,381
881 demqwriv 45 567,1464,1393,43,547
882 heyvsulf 33 
883 xhchfeud 41 886,702,1514,406
884 iebaghri 45 1523
885 eogbtgql 55 1854,99,656,1389,1199
886 lcxrazsh 56 
887 biiibjrd 23 707,950
888 bajhkbvi 19 1891,1231,1456,1362,1637
889 jnvcnbzg 53 1023,1101,1790
890 qysnuqxo 52 
891 bwriqvrs 45 566
892 rhsegwxh 33 738,279,1739,204,1591
893 mkosvrgv 61 1217,529,72,1094,801
894 qsxyfykk 21 
895 aedmkaww 36 1417
896 mugpaxeu 38 1282,566
897 xovzcgsk 30 1187
898 vnrkwbjv 40 670,1243
899 mhaktwrc 56 1426
900 mmcftwfa 37 476,960
901 hqmwkhgz 34 
902 bnvxrjif 34 1303,1300
903 xfmxfpli 44 1099,1585,267
904 zxnmbvjk 26 916
905 axdbqnqi 44 
906 wrygwwfz 36 1514,917,1105
907 wupvesel 21 
908 oanilhls 41 1673
909 faztdoic 25 635
910 bkcslmeo 29 
911 qxjuvlle 49 1623,251
912 jcstguks 51 1609
913 qctycwws 32 
914 jkcfhiyp 48 1910,77
915 hdkjnovg 42 1481,1505,959
916 mirbtsxd 34 63,1278
917 yqtqvloi 32 1502,992,560,1200
918 uxvcofyi 29 138,1949,1431,1748
919 amxcrnql 54 1784,831,1659,1208
920 rkypsufb 30 
921 eqdhdfjv 45 
922 zbelndca 31 1622,1215,486
923 lbbjmeha 58 1221,882,1033,503,126
924 ooxtmzbc 41 1305,1454,1300,1215,743
925 gpkupflu 32 
926 hqijmoqq 50 1104,1670,515
927 ehdgkfad 51 
928 pnyuloxh 31 1904,363
929 mcbautea 19 
930 xzxottgp 22 498,751,438
931 xcwbeuew 45 
932 xudjbpul 48 236,759,1054,1577,16
933 dqwjbizp 33 1424,1933
934 tfbumhts 30 1060,802
935 rfowcveu 35 1464,726
936 rvoesbmh 52 1266,913
937 lefydfvh 55 5,635,490,829,1641
938 ahyzgbiw 53 841,1123,773,824,952
939 dxvcddhg 34 1836,1136,864,137
940 tgtjwerb 56 740,1770,421,1921
941 psctduhm 46 
942 ejwqwdbx 41 906,952,855
943 pzdggdee 21 1385,245,375
944 duqgasfv 28 1126
945 ddzejzxb 19 234,59,1509
946 qkdsnjus 40 1776
947 hzougxpj 42 
948 usipjdsk 55 1246,1664
949 oszkesey 63 1028,255
950 xbhjpfqw 63 1466,439,1995
951 fjkobbov 51 339
952 yfhvevhz 27 499,73
953 pdvuivec 50 
954 lhapciso 25 209,1658
955 jfzppgku 63 1370
956 czjypeuo 46 1451,1446,1191
957 typztzwc 21 
958 bxpnemqz 22 271,1271
959 pexwkqfm 32 1734,1514
960 ibuaqgrt 37 1158,971,28
961 lfhlsqwf 27 1725,1496
962 ctoiiinf 19 1173,721,1335,1496
963 rffekkul 46 1186,959
964 tisjfeqe 35 89,257,937,533
965 ernmwwlc 28 1803,1941
966 metjucvf 24 1232,559,1023
967 pgkjdupt 23 672,1015,104,616
968 ndmbpobp 39 477,1862,534,627,177
969 tkpnquoj 63 1193,275,557
970 sogepipe 47 1479,1258,263,1336
971 ecwruzgf 47 1640,574,1147
972 srqtfhbc 49 
973 sldqyqum 41 1514,1748,1900,341,831
974 tumlwzfh 43 1312,1922,1208,695
975 bssuspcv 53 1933,515
976 wdznydxo 57 1558
977 jgzbphoh 52 
978 jjatfrpo 28 
979 twhpcvjx 24 1097,1537,1688
980 siutxvxc 38 
981 zfvnynvu 59 33
982 boobqchg 48 811,606,1929,1645
983 isidlszw 55 339,1160,519,1630,1833
984 usgqbxbi 39 1444,863,192,1200
985 cuekepgk 51 1532,1640,522,1266,426
986 gqooxnfl 37 475,35
987 cyvgovdy 64 1676
988 khwuzdae 64 246,1184,904,1798,1966
989 qqausbkp 42 90
990 uaelkcag 30 974,1443,1393,286
991 xutymapi 18 
992 iposfdwk 54 1373,1372,1178
993 cwuqrrdb 60 1223
994 bwostoia 35 
995 rdqkrvyu 36 
996 kitsgjtr 46 357
997 egxgitmm 45 662,315,1096
998 pkayrtnn 46 1339,954
999 jmwdqums 35 458,812,1138,1686
1000 ndtmzvyw 18 1914
1001 euhsfgco 64 1272,383,1943
1002 eptulwgo 33 1242,1066,1822,871
1003 tdkhpjld 21 614,121,314,447
1004 soomdubc 53 1733
1005 psrvpmsb 39 
1006 hzpeifgc 39 1996
1007 qpsnfico 30 1877,144,1430,1945,29
1008 bpggovah 25 
1009 hwxtvkrr 40 
1010 jhgylopf 25 1210,1235,1775,949,836
1011 vyceescx 61 1060,47,487,979
1012 bzxtleak 19 1470,1238,1231
1013 towkyzis 23 60,1787,1765,1501,699
1014 kaqsqoij 39 1279
1015 mibqwesc 42 
1016 cjherzmr 58 1423,323,1652,1745,256
1017 brsdfijk 40 1603
1018 zerjcqox 36 689,1776,1019
1019 svgmtwnf 62 1599,1712
1020 zhyqzzrh 47 
1021 cimfbpkh 59 799
1022 lcdxhmjj 45 516,56,392,1689,222
1023 lezpgjho 63 1093,155,208
1024 xnnhlpij 46 1660,608
1025 nftptpkw 34 1498
1026 skqcladw 31 1837,901,152
1027 npvoexik 60 211,1273,926,1918
1028 wxwasjmx 48 1346,591,421,427
1029 iudjdysd 25 1281
1030 hhnvsjmd 46 463,409,1356
1031 msvlatvh 47 
1032 lzyqtzwb 38 1507,756,631
1033 prflsmcy 63 1541,1588
1034 afyngrdw 33 1155,475,1022,1068
1035 cxxiajca 31 1530,1066,825,618,168
1036 lufdnldw 41 1065,1813,1948
1037 nqdzeyaa 19 230
1038 rwlxezbh 43 1426
1039 jycqlbvx 20 875
1040 aefsbtld 58 1094,1238,286,702,802
1041 rucxmgzf 25 456
1042 wfpiythh 41 411,1119,1407,1535,510
1043 qrxxyprj 37 663,1350
1044 eechdzlc 30 1601,82,448,1036,125
1045 erydvzmy 44 516
1046 djgipsjw 26 426
1047 jqzmdihc 52 417,1551,856,1746
1048 qrnosoyk 23 1598,1218,660
1049 avgqrhef 25 380,1642,1444,1949,816
1050 ofsedfkt 63 1190
1051 vedlaxsn 20 714,444
1052 vfgfghvb 23 142,1607,1087,228,1374
1053 lmfkcjlp 26 172
1054 nkrhyffh 47 687,1853,1448,1555
1055 txkyuabp 21 1575,1293,624,1802,618
1056 thfivwhe 42 421,1130,1785,1697,407
1057 aftvroll 42 1472,31
1058 asvrjkxk 53 186,1172,878
1059 psjjzgyu 49 399
1060 gmzlnkgz 18 1099
1061 yqmxdghb 30 1022,885,557,1626
1062 accwrwvk 61 1185,792,1435,908
1063 dswskcau 30 
1064 dpiskkld 64 699,848,383,646
1065 zlvajaea 24 721,72,353,1425
1066 gsppdviy 22 
1067 psojttmb 37 1834,1236,1576,1740
1068 eiyygwmx 48 
1069 zvqiuhzn 43 
1070 yuspsldb 27 
1071 hiucpnld 60 985,1566,1900,1695
1072 mvylcoai 65 
1073 vyimzsfu 27 107,615
1074 iaqrjquh 28 1653
1075 ikumizfc 51 50,1573,1441
1076 oggpjhoz 51 1,1930,1404
1077 bjhzfoxk 48 996
1078 jhhhqhpt 32 1491
1079 vkjcyqdm 26 1796
1080 hjpbbjnq 64 1774,306
1081 tzwhibcc 64 828
1082 zmygmwto 59 578,205,637,1044
1083 ujjukxmk 34 1124
1084 qdpspctd 21 502
1085 nqdqqjsq 60 224,1035
1086 bbhplcsf 35 1775,1954
1087 lvfmzrco 31 1430,1071,1372,1751,1017
1088 hmfbwxqv 58 52,1000,1962,877
1089 occntfwd 51 
1090 joqjqdzx 35 736,1082,1367
1091 rsdasvkw 18 1858,72,1154,1716,338
1092 oyjpwjak 40 117,539,76,377,1048
1093 eoxfpfum 19 193,1518,658,1990
1094 txoaenpc 22 493,1203,190,1404
1095 nulzqysq 60 
1096 ewkdmzdp 38 
1097 watzcvqj 32 743
1098 okyjpmxn 49 
1099 xmcwdrri 25 156,86,772
1100 jzmgvyba 43 952,1701,454,622
1101 kaimvsuc 46 373,1192,1376
1102 lzcoojzk 54 402,1759,1161,339,738
1103 iyggobhs 24 884,1158,36,633
1104 vdpraxju 62 1301,1173,1713,1166,521
1105 mdmsfdch 53 
1106 zxxeaupx 21 
1107 vbemkplm 48 827,219,1135,1432
1108 nwkoysre 38 661,394,1957
1109 iohdubem 60 
1110 vtagxsnk 57 729,176
1111 pgmfnmgs 23 852,1290,1867,50,198
1112 lhxhmiyn 50 397,1953,77,1102
1113 aepywbef 33 836,923
1114 eowncvdd 19 650,1735
1115 vefxmpjb 40 1820,1023,230,1856
1116 cyamobct 19 1471,1274,1971,1385,1426
1117 kseraldb 62 852
1118 zftmdhco 25 634,1450
1119 odefkjpe 55 1677,673
1120 gdxlngen 61 126,1289,1581,1865
1121 mxsbypqk 45 1118,1019,1035,1005,590
1122 rvuomoif 26 265,352,59,1859,171
1123 bygzdkxt 21 
1124 nepxlofn 27 1167,1692,1230
1125 sdwlmmqd 23 1336,1351,279,1805
1126 dvjlhmdq 53 966,1172,1165,54,1252
1127 tyqqytlc 28 479,1099,884
1128 nowweeug 44 447,1834,651,1480
1129 hpkxkbzq 41 1736,843,408,966
1130 sqfbpiau 49 656,839
1131 eyjdiywb 35 
1132 pomcqoks 34 520
1133 csxkktbk 32 
1134 bzmtrgid 64 761,1459,1070
1135 hikgyaey 37 1856,436,676,1958,717
1136 oiczgvzq 19 1430,1736,308
1137 gjcttpsp 34 1032,1537
1138 ncgbhlsy 61 23,1908,1513,944,285
1139 odyoofrx 20 781,1020
1140 glbuaxwg 50 93,1350,848
1141 lvfvfezs 50 657,1360,251,158,302
1142 bjxtrbmc 28 1994
1143 xdobucyk 40 733,115,805,1104,1741
1144 ihoecxis 59 406,495,916,142,1465
1145 pzvcesuz 20 1201,1494,463,733
1146 nxgznoqx 25 215,1127,1922
1147 yopcqvnf 59 1565
1148 bikhzyib 54 330
1149 izsiujki 31 
1150 otvsqazp 46 1055
1151 swdzbgjv 40 
1152 lbvugvws 48 
1153 mnpibcni 49 
1154 vmmuigiu 32 1107,1293,1382,25,1602
1155 wwrtbmxk 65 1070,932,762
1156 ekpaiayk 39 936,1697,174
1157 rczucnio 30 
1158 ytnyvlfy 61 1295,1055,1090,1127,1495
1159 tzimvaac 65 603,1148,1420,1695
1160 vznrytgh 21 1124,42,431,396,1861
1161 fyzwgwwt 29 1178,1054,443,1788
1162 vqjcvqvr 20 
1163 ephnpidz 21 549,1523,1662
1164 hjgwqyrs 62 1701
1165 iyzxudfc 35 367,127,1736
1166 kfpgkwdk 45 666,1105,1733,915,1038
1167 jvsudabp 60 993,1143,1499,407,1736
1168 cqtgaewp 51 221,1362
1169 sxvuxczt 54 1692,317,1284
1170 lebgqlml 39 1624,1327,1178,734,17
1171 mmjcqnpq 56 1703,683,1549
1172 dwunqhcn 65 1700,1834,325
1173 kxlwgcyu 57 453,1922,648,1072
1174 fjnddtom 54 485,597
1175 kvtfvqft 20 1104,271,759,120,1796
1176 zubfffaf 38 446,1819
1177 ntaryosx 21 
1178 qzhdfxrj 63 
1179 hsejiyla 22 1061,1940
1180 laktkwyk 41 1118,1082,969,447
1181 vkrwvxkb 38 
1182 mbvtrcrt 34 1615,1754,1563
1183 bdcrxsfm 47 683,1333,1135,983,1866
1184 csyfpvbv 65 
1185 zqwscvnj 53 159,453,1805,472
1186 ammdbsgv 25 858,574,342,666,1632
1187 amapxmcs 62 634,1577,1584
1188 kolxkvyw 32 741,368,506
1189 hrcpxpkb 49 1557,1771,417,28,291
1190 wchyhsmy 43 1992,1347
1191 huoozirb 37 
1192 qtmjehcq 32 1838,1017
1193 ixyufuay 65 342,1457,1463
1194 zvlvbaxy 62 
1195 ctlhkprd 41 1044,1456,1220,1716,940
1196 iucazsmk 63 
1197 cypamplf 21 115,1447,911
1198 nqpddsmm 23 1104
1199 vbsnqtjn 57 431,1183,1790
1200 znzfbert 26 
1201 xnhmdhah 36 1935,465,35
1202 monojdfu 39 1129,948,1961,1388,666
1203 eiwwxkol 45 384,150,1497
1204 sdwyrvdg 21 221,1459,1017,1240
1205 bogpeubw 55 560,1905,1381,1444
1206 gkyiknzy 38 1426,863
1207 ahtbcsql 33 1166,1401,911,313
1208 mpwhkyuq 57 1680
1209 orqoblvv 40 509,1645
1210 glnrzjhg 52 1125,587,53
1211 jcjzhbwi 43 1779,1429
1212 cflvwieq 38 956,1627,1377
1213 wvqklnts 57 819,1420
1214 qgenpxxv 27 189,763,313,49
1215 hghefphz 40 130,1133
1216 hionmsfe 52 591,1433,1913,952
1217 zgowphtu 25 1789
1218 vakvcbgx 48 
1219 ccksiwmh 28 99,1513,128,1968,1146
1220 excakbls 33 343,447,865,1400
1221 npeambkh 23 1852
1222 wgvjvvto 49 1369
1223 chtcfpjn 54 
1224 iinpckos 63 245,627,572,1083,426
1225 jlkvzlgc 38 1880,740,1493,351
1226 cqwquwsj 25 1089,1132,689,925
1227 dftuerkm 23 1521,140,1577
1228 fhlsprfj 23 956
1229 xadwuiro 64 
1230 qyevapik 18 
1231 dmiihdgx 20 651
1232 nfkxivhd 35 
1233 vjlyebvv 59 1650,1181
1234 vtzjdjyy 60 
1235 gqhsebuy 29 889,906
1236 qjbmymzs 65 1908,764,1533,99,664
1237 uceocybn 37 1532,69,1401
1238 tkestyyp 59 1269,483
1239 fiwoaxgw 60 1480,160
1240 sagyhsiw 52 956
1241 ehaeoulf 35 845,1993,591,1794,1384
1242 nerxrsvv 21 860,87
1243 fsgahuze 45 918,1034,706,1554,1135
1244 lzhjhknx 63 1259,648,1258,1320
1245 evkqkdqs 54 1807,1891
1246 gqsinhtn 32 879
1247 siyhkxrc 31 106,690
1248 wduntmvs 40 585,78,1796
1249 adlzmwol 19 
1250 jffpfmtw 41 
1251 eymuqecb 36 98,1439,1486,50
1252 bkkqmqaf 38 
1253 uihsbxle 59 1924
1254 lhsmfhbb 44 1325,532,1090,1500
1255 gihazeyu 42 
1256 yotasyeh 39 
1257 ickxuqft 33 1266,813,253
1258 twdfxivn 24 432,520,1583,1279,190
1259 ihaigebj 47 1968,447,43,435
1260 xmeohlok 51 1270,1585,549
1261 lchfukqc 50 1181
1262 ikwqvajy 46 
1263 xubuwtgz 43 1729,158,1475,1958,1562
1264 vezhynkf 29 489,1677,1006,37
1265 exbeicsq 47 182,1314,1086,639
1266 udnszrpi 40 1577,1870,928,1915
1267 ozvifwnc 62 1320,1272,1410,1733
1268 vxqiowzp 34 
1269 zbpawgbk 31 1841,675
1270 jyhopcuz 46 64,1413,956,1623,385
1271 jlwdomes 22 277,355
1272 nwwixweg 24 
1273 bneiplaj 41 1171,237,1956
1274 xbckwgmx 51 576,1858,1901,846,356
1275 qyvgkgml 19 213,1939,150
1276 udgskxgi 43 138
1277 nmaqpeur 34 1110,12,1673
1278 mpgbusih 22 
1279 ksiulsqu 19 976,1548,139,83
1280 plzyvazv 49 1348,1526
1281 rwyaumuy 65 578,1155,1773,1855
1282 tatwbsec 32 864
1283 rbkvgcjr 52 1448
1284 csaoigxm 61 
1285 mydrfyol 37 40,1081
1286 mffgaybr 35 601
1287 dyynocjv 58 766,134,804,1355
1288 gsndlpnq 32 366,993
1289 aqbbrznv 50 1428
1290 phxintdc 27 1239,732,1100,1441
1291 hoxggtio 45 963,241,444,618,1011
1292 mgofnzkv 22 1759,22,1884,1952,1801
1293 oxkmvqza 56 127,607
1294 oaiodrok 48 271,250,391
1295 zxkymjez 27 
1296 ydwcwdmk 64 1641,422
1297 vryhhikt 52 1351,472,2000,1726,1108
1298 axtkqyyh 30 1379,1278,1717
1299 kcjxwfcw 23 1882,472
1300 ywcmncsy 19 
1301 edyohksy 45 1040,1714
1302 msfimrda 32 1148
1303 ejcqtnhy 64 1283,768,513,752,73
1304 oplaawso 39 
1305 flttjvjc 27 
1306 tpuztouy 35 65
1307 umvqgxre 65 764,1598
1308 zqyzivoe 27 986,1217,1533
1309 pzjxhznq 45 1669,1706,1850,1056
1310 vghhqduv 65 970,594
1311 iqrdtrhv 37 784,1414,1982,1231
1312 wybmncez 63 534,1722,1133,760
1313 gzgflloj 53 
1314 mwkxnzsr 52 1502,1963,1469,1536,1350
1315 pwapjqii 61 599,1620,855,1854
1316 myluzqkt 63 1257,1367,1504,1077
1317 bifgyrxk 57 470,884,1552
1318 hvccujpc 21 98,986,1834,57,538
1319 uwsirfbs 56 678
1320 ebtuqhxu 63 697,284,455,378,1717
1321 hdkplboi 49 1941,202,890
1322 cacaejmd 48 1432,1755
1323 dxkjydvb 60 477
1324 bjezzson 60 200
1325 trgjtogh 27 546,1459,1797,1648
1326 prxfjonu 24 42,371
1327 kzyqgpxh 62 1944,1885
1328 ohazynry 33 1650,1107,465,1055,209
1329 hzhrkwmp 20 1899,1234
1330 nfqrkico 51 1562,348,1856,816,591
1331 btrvvupt 38 1392,1574,1678,1927
1332 qqncczbk 44 656
1333 ultmaspj 48 707,116
1334 psfilrgs 32 1771
1335 reqlycxz 61 1354,497,870,95
1336 vlmbmivt 31 1833,1832
1337 rimjrwnt 59 
1338 mnbxvdso 62 848,1634,1617,1842
1339 fcitxquc 29 1857
1340 tggisjoi 23 1098,15,1617,42,1160
1341 uwuaubjl 51 1809
1342 xamhnlbm 44 1971,202,132,1965
1343 gwsbclpq 23 
1344 ltszcioh 25 
1345 jzuowjwl 35 349,1323,1804
1346 njnjtsoj 49 688,1439,1214
1347 ffsglfbc 47 1476,439,1895,730,281
1348 nvkgahdp 56 425,1679,1811,1189,1819
1349 ymlubxuh 47 
1350 yhcyjtrq 58 1322,745
1351 pafuiwfk 51 611
1352 ogydesld 31 1320,286,1686,1117,999
1353 vbujsdxz 47 1690,1491,643,1940
1354 qmknhyus 60 
1355 jycmmxhs 32 
1356 khnkvzbr 50 380
1357 vumtdbjh 20 865
1358 gocvusgi 22 328,352
1359 wwurmdmj 49 1797,1534,1149,589
1360 ztbtvhsq 37 831,708,1618,1844,574
1361 pvorcpiv 21 974,1221,1173,1243,660
1362 tqyxsegf 42 622,1087
1363 jqblrcrz 25 1324,1401
1364 bxechqgg 27 
1365 hjwuijup 41 1207,1293,1340,284
1366 irekthet 28 
1367 wgxezlbc 23 1403,574,861,1515,855
1368 qexbluwz 22 
1369 vpdfolro 28 1043,1510
1370 tdjsasif 38 1848,1959,548
1371 vagovzgn 49 999,752,1857,15,1852
1372 jxomoizu 40 1903,458
1373 mrvtahrw 20 1607,1112,830,77,315
1374 jumxstwp 65 384,1800,312,314,1713
1375 qhmheeok 25 1630,848,201,711
1376 wrxlukuf 34 46,204,155,1034,1481
1377 ydikqzam 41 198,328,1207,1155,586
1378 jnoogjfp 49 1028,910,1904,289,1100
1379 rwlncnnp 24 910,1381
1380 uoygdwcd 38 1233,1133,75
1381 latfhyjy 29 
1382 qgyhgebw 51 1011,1840
1383 nnvtabza 27 1670,789,561,60
1384 dxobrqqg 50 
1385 iiizlaza 43 1771,443,445,667
1386 wuyzhpeg 41 440,1551,1107,1375,1309
1387 ufmaicqu 63 108,774,786,1249,1022
1388 gsdyxpyd 35 959,1227
1389 knnjpxey 48 1346,1620,1631,371,918
1390 mzydkxeq 65 1451,1955,471
1391 xsbhajlo 44 1679,904,242,1382
1392 xpmiflyd 33 
1393 thkbcwot 24 657,880
1394 wuthoqcv 64 519,1582,292,523,109
1395 mkvwfiil 18 
1396 pttztezk 32 725,1445,700
1397 xszmkvfx 45 160,194,100,1661
1398 yrqfimny 42 1678,273,517,1720
1399 dvvvjxev 57 27,723,32,1618,1031
1400 iogccqmk 58 1875
1401 sxgrslvp 32 281
1402 fqzyxcks 31 640,1800
1403 stleomtf 30 
1404 vnnnrdnd 45 446,407
1405 iqpmocej 29 64,1208
1406 bhmrmyvu 48 1296,409,516,798
1407 cqkyohpj 55 978,1274
1408 wvohtglw 38 1696,1535,1533,1036
1409 hvdqiqwo 22 126,1890
1410 jeqwsxbv 34 726,1311,456,1774,650
1411 pfbotcot 23 1419,637
1412 odprqoue 45 1324
1413 qawhwnpd 32 
1414 ckgnrrbz 53 1640
1415 lhazjnkf 18 976,744,616
1416 priwbsub 48 
1417 ttzxnlfp 64 
1418 wozanbun 27 323,1865
1419 scsbvtcj 36 462,17,264,970,540
1420 cxxjphfn 54 629,1350,706,863,745
1421 oiwdiyqp 18 1005,920
1422 cdiywsga 39 1579,560,991,967,874
1423 ykptikch 55 1652,896,408,1660
1424 svgzpfbj 29 380,1579,742
1425 ocjmqpgm 50 1487,475
1426 oocpzhcy 24 1579,1013
1427 hcoguivk 38 325
1428 yhmjktmr 43 
1429 jwiyvevw 44 469
1430 kvrfddhj 40 1760,221,1904,634
1431 pmjulwwn 43 185,221,433,684
1432 ygzlaefo 19 
1433 rgmglzwt 57 1117,8
1434 ogtcdqza 50 1787,1490,307,756
1435 gkodmnvr 33 1249
1436 xpfqrwfa 32 200,1284,494,1903,1853
1437 yiiweyzn 48 891,842,650,99
1438 ojlqrsiz 60 1318,745,1711,980
1439 vdvkdkgo 38 232,130,1293
1440 gnxiesai 29 592,1782,928,1442
1441 qwngrsts 59 1858,586
1442 qaawdqjg 61 796,342,1195,418
1443 yzgoitsy 38 1115,1190,1174,365,1823
1444 bqjjyync 39 438
1445 znghinkl 21 1890,1060,1797,661,652
1446 vugrttgl 41 889,1160,1164
1447 tkkptvgf 43 
1448 yhjytezp 19 495,297,1406
1449 gaamvhbu 19 596,772
1450 cjpnojsg 23 805,672,347,1691,101
1451 dqfngscx 37 1211,1230
1452 psxrhtjy 25 1309,1690
1453 ehnafezn 45 412,195,1136,357,421
1454 racajaek 20 1344,438
1455 fqnnlgwp 50 1453,1438,1858,1259
1456 rsxfmmps 46 1962,1827
1457 sffscatw 20 400,1990,134,1487,300
1458 vlomutei 31 1695,251,419,811,989
1459 onnmeiru 43 1319,1345,590,1962,76
1460 vrujvqig 53 1804,1851,602,553,1469
1461 fqwwsjyl 58 83,962,1782,888
1462 ewxnraac 36 792,625,1070,1503,1392
1463 nmzxjcuy 18 1879,1244
1464 hwgjdrut 61 
1465 wvbqedtm 60 175,1671,50,950,789
1466 nfyzlldx 56 1386,875,678,278
1467 xxllfmwx 63 725,1886,883,1428,1238
1468 lozmqcqe 53 1052
1469 ajnbdrbq 42 
1470 jkjkkxbk 35 353,1331,1596,674,1614
1471 dpqrdgnb 49 1934,45,1727
1472 rzoyxnlc 51 1895,1297,430,1164,1491
1473 kciadfrg 52 1764,72,293,1636
1474 bddbjpwb 52 581,1323
1475 warvxyit 37 806,1456,987
1476 grckpakv 36 1513,368,1280,1636,414
1477 hbiqhpqs 60 607,183,1654,476
1478 efcrheby 33 1636,1877,1943,221,324
1479 eudzuwko 39 944,1176,1121,266,607
1480 zuxppamh 59 1541,1352,1636,1292
1481 bqwzkmbc 24 682,904,225,415,1905
1482 cuqefkef 20 900
1483 pxqenmmi 42 271,1362,959
1484 qrsohujo 53 
1485 fgnxvfub 35 
1486 ylpqdqth 39 639,1606,1767,1366,583
1487 vkewuzon 64 247,1446
1488 mdhyyaim 26 639,1019
1489 wbudcrzn 23 
1490 tsvzlbxy 32 1688,1337,1937,391,1263
1491 kjaknlvf 32 933,407
1492 ordgekxe 20 1775
1493 hwixyzzz 34 1305,1706,55
1494 uvipoacu 19 712,1189,1732
1495 yycqijyz 37 563,140,1348,490,399
1496 eazryksl 38 
1497 bwhmdhem 35 598,1428
1498 fsvgbcam 60 752
1499 ieyfewwa 20 1848,1454,1028,1315,468
1500 hafhsstg 48 
1501 psocsczm 25 1896,294,222,1785
1502 czdvmrjt 21 309
1503 aruhbugx 24 124,1904,772,550
1504 dlrqiugi 63 
1505 cgkhzwmx 30 1597,1820,1703,759,394
1506 geirqeqr 25 1029,1569
1507 oorjxsub 20 230,866,546
1508 skiwoxny 62 
1509 gzaglitc 23 
1510 xbeyqvrq 41 1204,1871
1511 bkokpkhk 28 
1512 aiwysgmn 29 749,1942,95,1568,203
1513 pupszhxw 59 
1514 wqohckwq 49 
1515 lrtgjycs 31 424,982,774,1794,1081
1516 vxurshlk 32 1460,414,1500,1679,1458
1517 espamuao 29 522
1518 kypkvzzw 37 1973
1519 ffpndeqz 59 1479,964
1520 dzuvrhpd 31 957,1600
1521 xaxzerrc 40 1435
1522 mqnsrzor 37 431,1028,238
1523 bjzxddct 32 1812,984,194
1524 qpnkedxb 57 
1525 syznlexs 26 331,388,592,1788
1526 etaovsia 38 425,1588,1285,1022
1527 lrlluber 51 238
1528 iytxlamo 52 
1529 dnjfelcm 63 
1530 fupcstth 33 479,452,130,986
1531 ukwidlxq 20 256
1532 ynhwwdmr 41 555,553
1533 xobftagf 51 1334,937,669
1534 eaecgoux 58 1962
1535 fpmgsfgb 23 1926,1743,1421,429
1536 dmskemeg 62 56,674,833
1537 zrilwdew 62 1994,1848,1379,702
1538 vhnitxdn 39 1322,825,1789,334
1539 fiiqnhiu 24 331,1382,1760,1017,1994
1540 cjceetjy 50 720,153,1095,1559
1541 rapqnaap 28 687,1564,910,1342
1542 byialgya 34 30,1120,1884,1904
1543 dhvxeodk 46 1325
1544 qutpperl 43 588,803
1545 pdhscqdr 32 145,1438,1311,473
1546 swdutojj 60 487,853
1547 nznwbcqx 27 1875
1548 ibvqisht 47 951,1336,871
1549 smqmslge 35 368,1820
1550 wmsjmwbt 32 371
1551 mzhlknhc 64 1180,515
1552 bputpdmw 31 
1553 bjcyqxzh 28 1503,1728
1554 xgfmjxtu 18 
1555 ksbbbfav 30 730,449
1556 azzxmudt 45 605,305,1978
1557 lhtltaft 38 887,1873,915,1345,1865
1558 dzuzoxoq 63 1799
1559 zjitbsap 32 1278,163,1221,1005
1560 wxbsvxhx 24 1385,1496,83
1561 jhryrcow 46 1922,1949,357,1075,1940
1562 mvvcmwkn 26 202,1949
1563 jgwkctnf 49 1560
1564 fpozsvnx 18 1628,844,1907
1565 avfpibwj 48 1198,1244
1566 faicbltm 46 
1567 qxaotjnf 19 
1568 inmsdgfs 50 766,223
1569 dlztncvm 53 1711,239,1689
1570 vnwfhkwi 32 1410,103,869
1571 zjslxrfx 22 301,51
1572 cyvpbydd 36 1584,626,696
1573 mfklqjpv 28 196,877,699,1003,779
1574 nhbktxxk 43 
1575 gmvrxlmr 34 612
1576 eoccnyrl 44 712,1107
1577 rcnyzyix 64 1443,1121,864,100
1578 bfjbjdrb 53 660,1138
1579 fgsmelpe 50 1398,1462,495,1919
1580 mkmtqeuv 37 250
1581 zszyfjkg 58 1158,338,126
1582 mzxbkhwj 18 1288,1972,690,1414,1890
1583 basugfho 41 727,1741,967,1363
1584 klnlpyny 65 596,1225,1536,1505
1585 nsthodeo 30 121,1684,1735,1846,1596
1586 jbwszbuk 51 276,884
1587 kximibng 43 518
1588 wdounuru 55 254,1737,725,261,1569
1589 urisssda 52 1698
1590 ecirqclm 18 1548,347,122,1894,577
1591 rcjptfmn 49 
1592 hybjhvyo 47 1603,739,899
1593 ltjfhnjf 32 
1594 zlsxxaax 30 853,342,323,1797
1595 zkngtxcf 51 1286
1596 dykzsphc 43 
1597 xkzrgbhq 30 13,263,1071,876
1598 bpqdhhjy 52 
1599 sunfuafn 35 1576,555,464
1600 rlcgmcdk 26 
1601 jqulnzkk 18 843
1602 qglobzfi 52 861,1840,1573,1988
1603 plzzcqih 52 80
1604 xwxpabve 18 1583,1399,863,842,1522
1605 soczwyil 41 342,1211
1606 dgwxbwds 20 
1607 fyoyuzte 58 1562,1863,149
1608 ztilbbld 33 1410,130,1114
1609 hdjcxmto 60 1698,495
1610 moxcqith 23 1599,440,845,71
1611 yxpdphgj 43 
1612 axisnsdt 63 224,1052,1464
1613 cplkzenb 23 199,959,1911
1614 fudbbkcd 60 1812,63,1520,1327,1083
1615 wmknzcri 37 1065,1748,13
1616 cnxtyfok 45 1315,1492,212,1773,418
1617 icddysbj 58 957,1182,1066
1618 wxcilflq 18 456
1619 qmetrttm 38 220,1183,227
1620 vnbsyknr 21 126,1279
1621 ruxiwusf 44 1093
1622 nxlhnoiq 47 1593
1623 jebvpted 45 184,1706,1274
1624 hxjiizin 42 5,529,187,1048
1625 dqthbpbz 45 
1626 jxsfvfnf 57 1495,424
1627 fwzvebfv 46 1722,164
1628 qsquvflu 45 
1629 bbydjqsd 37 1212,1921,489,1151
1630 tqpnuijj 49 1479,1580,1068,912,1615
1631 bszucdhi 63 1975,1551,496,8,834
1632 yyhgzgmc 48 1084,1252,560,688,1876
1633 qhpgsnuv 40 154,738,1076,443
1634 lcsjpghh 46 313,70,807,1083,49
1635 fgjsdmnn 53 174
1636 zxeijscd 19 226,1459,1811,1333,1728
1637 oovszwnz 33 383,772
1638 vncwegqa 24 1614,1594,1462
1639 elfoficq 54 1968,957
1640 fpxwnfez 49 7,949,1172,165
1641 ucccaktm 63 1923,1557,674,1186
1642 ogvdtcbh 32 
1643 mtbnqjho 23 1152
1644 udbnpyzr 40 695,1939
1645 xgqoygko 46 1668,608,1333
1646 mhvjcltn 32 543
1647 arowzpkz 42 1554,1786,1504
1648 hsfkxudz 34 1910,1421,1210,131,11
1649 khtlytsi 30 1394,938
1650 kortewas 32 678,195
1651 huijmhac 46 129,21,576
1652 kwqdijfy 22 1843,99
1653 irjrivji 33 863,1692,1632,1357,1768
1654 ghsldwbm 55 1537,1144
1655 aiuvinlf 65 1621,911,756
1656 sayjophk 41 1461,214,1235,1167
1657 xtiybwkc 23 136
1658 znyrzckm 18 1110,1904,341
1659 tlkwkvqr 25 
1660 xzidkygd 22 114,1668,1873,585,1742
1661 ozjixtyr 39 
1662 uubiffrm 59 1636,1843,273
1663 klaavybx 61 1565,104,188
1664 tveuelyo 65 1217,665
1665 rwsvwsma 36 1980,554,893
1666 bfkmbwwn 60 
1667 fxdidkng 40 1817,1259,1926,270,1624
1668 myepjgrj 39 766,703,1448,601
1669 eqdntxrj 20 1019,360,1667,1829
1670 tvdgiliv 58 
1671 jirwbxop 32 1186,702
1672 jsoyqwou 50 625,1344,611,15
1673 dbnroqii 60 794,373,1602,87
1674 srovorrt 61 1803,547,1708,1836
1675 eyqmvzdj 23 297,896,1635,716,227
1676 adcirjwm 31 789
1677 idnhbvtv 35 269,806
1678 usuvbord 62 1286,1050,382,1794,1726
1679 krveslji 24 481,1729,282,763
1680 aarlpqaa 20 382,1338,399
1681 tpuhtxii 44 1880
1682 loejxunm 30 484,694
1683 xdjdwauj 18 379,405,1229
1684 uptszlho 39 
1685 hdgwjwci 45 1051,1035,844,1500,359
1686 glriskdx 41 1824,581,887,1263,875
1687 fmyrkaca 28 
1688 mnugcydg 49 1624,814,625,856
1689 ptvxleqh 52 
1690 miaasppb 22 261
1691 lyxeglvf 22 1420,1096,1859,2000
1692 fjqptkof 49 1873
1693 uihhcguv 20 468,401,283,1850
1694 bvvnsqkx 47 1119,173,1615,475,290
1695 rdbertrl 47 228
1696 hrwaecnx 48 143,1303,356,863,592
1697 nlheqdpu 50 1443,323,274,1763
1698 zwfbejrj 35 
1699 bdbjatmq 34 1936,1992,1715
1700 wjwkejxm 47 
1701 axrcyhrz 33 686,431,356,1197
1702 duudzcis 41 485,568
1703 otcispjz 42 1769,1138,1465,1055
1704 oohfxfpf 23 105,332,1622,1867
1705 ssgojkvq 47 
1706 xlwwdpkc 36 124,1274,1314,931
1707 lpvzremm 43 136,1752,1525,265,1611
1708 wcvoobdo 18 
1709 fztszzqz 65 317,140,285,1180,362
1710 zrckdvka 36 679,214,121,1785,572
1711 qfyuozxl 63 874
1712 rvzbzbtz 46 788
1713 pblvtihr 49 
1714 aiieyuga 36 1659,1435,243,174
1715 xoctpcpz 44 1176,294
1716 hhafdvtp 49 
1717 iywwrvli 50 
1718 pqcnljcw 63 374,57,1298,976,1430
1719 oahyfrph 46 
1720 wiblllwd 23 34,1620,683,168,1951
1721 uboalivk 65 1957
1722 zzlmthmm 32 229,1647,567,384
1723 wfwflwcr 57 
1724 rmptagwl 25 80,1301
1725 dmksziao 22 1968,100
1726 indhweiy 43 
1727 mtykktks 24 1493
1728 jmixyfrc 46 1815
1729 dwmfxzgt 20 364
1730 zmzvukks 54 543,1991,883
1731 nvjqwofi 64 1607,1360
1732 esckrcrl 54 1523,99,1249
1733 juvipuaz 33 597,1014
1734 sxvlcjaa 59 1137,549,1192,90,816
1735 pxyccjda 31 461,506,415,594
1736 tgkunizf 23 1086,1441
1737 cxaksudj 55 271,164,110,1069,1599
1738 lpgpeslm 60 1911,443,1034,694,314
1739 emviefzi 29 964,144,519
1740 mtfpolmp 57 
1741 sjjnhbpw 33 1227,1803,918
1742 pynqagyy 41 867,1073
1743 oakfieqh 41 545,534
1744 mdiyoqza 28 1427,1445,963,246,1954
1745 wsxpkdoj 43 1346,644
1746 nwoqcujm 41 903,266,628,1016
1747 uiixieoq 42 385,1154,1255,1744,187
1748 rxxyhezc 18 211,939,598,851,1072
1749 xipgolyk 41 1470,1030,30
1750 hedspnai 65 1649,1584
1751 blflgboz 46 1779,1425,449
1752 temqdkzf 22 457,283,1959
1753 exzlpacf 43 1214,1547,1382,1770,1192
1754 bbxhdhll 46 1063,304,926
1755 kgyxnwax 60 918,1185
1756 makpxowz 55 1868,1056,303,304
1757 xlbbbemu 55 1952
1758 spomgilz 51 1718,301,259,1352
1759 vejcsnzo 23 1927,1782
1760 opvfavet 46 1945,704,59,949
1761 eucxcrvj 48 806
1762 hxkybzmi 48 322,209,1167,871,1421
1763 oiuqrcwp 40 986,134
1764 cnblhaec 48 1219,1882,914,1341
1765 jigjlekq 55 552,1146,1009
1766 sgzpfaxf 59 1037
1767 isnnivgk 63 245,966,795,701,857
1768 xkajmowu 41 1606
1769 rxfvlbgc 48 1572,816,1127
1770 sqqnrhhg 61 1775
1771 fkmdhavi 26 1375,1158,193,1620
1772 twddrkqk 60 126,643
1773 bcqqyajk 56 1787,1703,1681,1834
1774 gqpwoitm 37 1022,435,1740,1975,718
1775 dyesocxb 18 33,981,1755,1339,1101
1776 goqnacnn 39 1838,999,897,651
1777 smbpusoj 57 435,1937,444,214,1195
1778 qcnmifuq 22 174,529,361,721
1779 phdaagyz 38 242
1780 ovcnbouw 48 
1781 urlgopni 53 640
1782 uhnepmxe 29 1374,1617,192
1783 tsjqabss 29 
1784 mwjhhzya 31 1700,984,181
1785 mtclxaob 38 
1786 uybibods 54 
1787 uwllrdxj 37 298,423,976
1788 gahtphbd 28 974,624,1698,1719
1789 xpfcnbjw 37 258
1790 hnwasked 19 1465,1599,868,581
1791 vkstagyl 31 1815,1771
1792 szmzbwvb 28 879,600
1793 lxcvqofj 46 758,1306,115
1794 btezukcu 28 211,1823,1707
1795 scieopnu 48 
1796 gkvdirhl 61 1768,1760
1797 rssahsga 36 751,1412,473,1889,1526
1798 qyfkqlsd 48 175,1833
1799 cqopivts 26 279,1302,533,867
1800 hyixbqft 63 125,828
1801 xnmlqees 31 152,398,1439
1802 tqsstxuy 48 
1803 frvvzepp 63 
1804 imbhtazq 21 238,839,1387
1805 xvukjoon 34 1046,1633,136
1806 fhjaksvn 42 
1807 qmcfpvzj 22 1211,96
1808 ffwmacfs 56 940,308,249
1809 gpvhfkrs 48 
1810 nwojdily 36 1741,1729,251,313,790
1811 ykljccrc 37 1090
1812 lkojiprl 55 1372,677,97
1813 scnptiod 52 1963,1201,12,236,1843
1814 retaudki 43 1010,410,1340,1461,1759
1815 wowfwrzg 34 1389,842,233
1816 cmalsptd 18 1346,893,512,336
1817 xrsomtzy 65 1205,479,903,1555,1040
1818 vftagxku 59 1979,482,1293,495
1819 njafexht 52 840,1002,1471,884
1820 oaqyvfhk 43 1213
1821 zgukkyph 45 934,579
1822 azkdhccp 43 
1823 geigzmfx 46 
1824 bftpbahx 29 1646
1825 ybevcfox 65 505,1722,1425,1883,141
1826 fphzjqzt 48 1293,1439,1700
1827 whonfunv 23 396,1736,87,803,871
1828 murqebqu 18 339,1916
1829 vdksgdzu 32 393,702,2
1830 joflrrlk 45 678,1936
1831 rstpyxhk 57 1637
1832 qshqivxc 57 903
1833 ejqwxmen 34 1180,672,357,512,467
1834 kbqoizrp 60 863,1533,507,1890,235
1835 wljlehvl 59 1080
1836 znphyknl 49 1986
1837 aevqqdsu 53 945,174,885
1838 nystqkby 25 
1839 qyngeusp 39 
1840 bncgzazb 39 896,43
1841 mlnfttex 28 40
1842 wzihuvxx 36 1855
1843 ptdamupg 35 855
1844 bddstyla 64 
1845 lwvrscuf 31 520,726
1846 psikbrct 23 
1847 xydyekww 44 1821,1819
1848 cdwxpxsu 30 459,817,346,237
1849 pcarvfan 42 1499
1850 dsdvqcvz 45 1699,985,1117
1851 waglfifz 58 565,1531,708,1101,1317
1852 lotswttf 55 929
1853 rhgjknjm 29 
1854 ejvhmqur 47 46,1037,1495,1814
1855 vfrtgfro 60 1368,1203
1856 hbnuyhqb 47 1694,864,1203
1857 zlihhpyo 22 1969,37
1858 ruobbknv 44 466,270,1564,1101,551
1859 vpjfuzfo 31 1065,1636
1860 dajxujba 41 1285,1264
1861 illckmoo 63 1156,530,1356
1862 cxpncnux 45 1755,1679,269
1863 tjdrqywl 25 242,661,31
1864 edhkfkrr 42 308,819,1994,1527,1312
1865 ybsrjlmu 44 899,595,1670,1737
1866 rtdynqbq 44 773,358,163
1867 dgeigeml 37 1500,161,20
1868 naiwrjbr 29 218,911,1140,544
1869 ssdvvimj 58 1822
1870 wiydjylb 53 859,239
1871 dtvhjcxb 23 1769
1872 dhhsbjno 30 1709
1873 tbvgwxvp 41 419,521,289
1874 eoevvafr 22 627,1094,1973,736
1875 cfdjocnj 29 1508,197,8,1769
1876 qzwtoneg 20 
1877 uoomhugp 53 1020
1878 wojpucxt 18 1365,1652,1480
1879 qcgbeijd 56 1313,1131,1656
1880 eewyolij 58 
1881 ruwmiwye 37 789
1882 pouuyitk 46 1365,710,631,473
1883 nenpgdzj 57 286,650,337
1884 utvlhxso 46 1634
1885 liwmbwok 28 246,1600,1761
1886 jisouqvw 34 693,1375,1772,24
1887 unwbhqko 46 987,729
1888 hlfvnnsi 32 
1889 ozpnhwct 27 1072,1840,564
1890 kumbshmj 37 28,154,172,1884,907
1891 kkzgbfpe 55 
1892 nndbvryh 47 477,67,1490
1893 xpnzhsew 24 1558,1604,869,161,585
1894 jdjsyfvb 20 1596,1290,892,1206
1895 zqrrkhre 43 1221,321,1091,359
1896 cbbkhyeq 63 1545,1756
1897 rygancsb 23 1186,85,46,765,799
1898 wkmcxqnt 58 645,1577
1899 izzyqwqj 37 1621,1556
1900 gpblored 40 1253
1901 vqmgjexq 28 
1902 uxfisqkz 39 1210,1689,1131
1903 eqtzafng 62 999,359,967,1552
1904 hpapriys 50 615,1784
1905 cvtejopc 65 531,1718,1468,1398
1906 ywoktptj 40 821,1182
1907 wprjrkvw 59 1024,292
1908 ubhfkukv 32 145,1616
1909 mdtvvraf 29 700,767,841,1887
1910 gaekofza 40 1968,1156,899
1911 tzimgwsr 45 745,300
1912 djzuxqbm 55 63,1834,718,1033
1913 rmlbapug 33 253,118,318
1914 xljzdqwe 34 450,639,1739,6
1915 oqcuafqb 26 1128
1916 lkpebrgb 38 1589,632,576,1917
1917 rxuvkxfe 58 435,1269
1918 ssjwuggl 26 886
1919 bdepvtpf 41 1926,1850,330
1920 gywdqqyg 46 
1921 pswyiytg 64 152,1999,548,1300,190
1922 jcvakvzb 34 
1923 ehrbmnjc 48 
1924 kabnfsqb 21 1379,1912,276
1925 rvmmwjcg 24 1322,473,133,655
1926 thjqigkp 22 1359,1403,1058
1927 xdubqrzm 34 744,1355
1928 kxpizhvz 63 487,388,792,1941
1929 qyiigqnu 65 4,921,1955,1299
1930 qmvpihxb 55 1333,1073,680,1237,52
1931 ezqqtize 51 685
1932 pgfnmtob 26 1997,884,1689,1690,1255
1933 joxjushz 51 1323
1934 pkipkodx 35 1242,46,1909
1935 nuhqgfag 53 
1936 jemlsplw 32 444,769,25,885
1937 sauehkrv 60 827
1938 flafwiwm 23 616,1423,1725
1939 kvbqhkfd 25 1874,1154,1355,1869
1940 gywcumvo 28 1269
1941 ljsrsisc 37 1797,1251,888
1942 mwsuicik 59 1614,1087,1218,309
1943 hfjuejbd 49 1475,1152
1944 rchonujk 24 1964,178,1057,1687,743
1945 wbzwwebf 54 
1946 uqubnuxk 65 395,63,998
1947 tzqjacah 29 574,1373,1360,266
1948 hvsnpvvv 61 257,1304
1949 plslwitu 40 266
1950 hpkbffzt 62 1665,571,1384,1423,1213
1951 tkciavcc 25 1193,746,1217
1952 mqxjqfyu 44 1190,561,616,794,987
1953 rxvfedir 36 1120,762,733
1954 efbzizaw 42 
1955 irbcfxnw 65 
1956 sazulbkp 50 166,1236,1343
1957 euaalvfx 31 
1958 wagyzgel 40 1266,1390,865
1959 qvncfodp 40 357,794,1004,707,926
1960 fbwcntpx 36 958,353,11,595
1961 awjbwvds 28 74,1018
1962 jaqohmgt 58 442,1714,752,320,1876
1963 dubvsflk 29 72,360,543,1137
1964 ungtqhxf 26 1292
1965 lkjxoihe 27 1922,95,846,520
1966 eyyopbgh 35 1834,1518,1474,1571,1901
1967 dizkshex 54 1080,351
1968 jrhnzdod 49 434,1661,608,1505
1969 rpeflwmj 26 1409,159
1970 tswxxume 64 652,1177,1699,1724
1971 wdbtplxj 21 853,70,302
1972 mbvwqmdl 56 893,774
1973 fzzleygz 31 1801,1404,507,893,116
1974 kjcvrkov 60 748,178,1433
1975 igvfaqgz 35 
1976 vhfxbmat 61 998,120,1252
1977 kozgekof 19 793,1779,1648,551
1978 tygwqymr 44 
1979 cwbkyjlw 53 165,1143
1980 yqitqqdn 30 
1981 karhwykj 31 
1982 bfeahicu 29 122
1983 yhwqijrn 65 415,969
1984 potphqhu 21 77
1985 sttorzif 19 1061,1207,886,1913
1986 vduiscwp 52 545,832,704,1704,1413
1987 jtsepoyk 56 254,181
1988 cnznjqws 29 426
1989 qjkrzame 55 1927,1525
1990 qrszguvm 60 1626,1362
1991 fblmtvha 40 478
1992 mcdjjkaz 63 1207
1993 lzydimzw 40 1350,333
1994 biwudkws 34 456
1995 hzodelyc 52 
1996 cxaifcyj 20 527,1420,1839,1899
1997 ujtwvrza 61 1836,1406,1153,1239
1998 nrdwtbyw 40 1983,707,877
1999 kvuczgue 43 60,414,1977
2000 lfrcbsdh 52 849,1524,986,464,1509